5.864086845647010354e-02
8.723492429857071517e-02
9.266295268228180726e-02
8.621491216572223226e-02
1.006674205907514275e-01
9.048863510175038372e-02
1.119139046364687473e-01
9.460761243323342895e-02
1.080133790987508474e-01
8.405583821034973147e-02
9.948665940459018586e-02
8.738070469738398738e-02
1.149259094235034750e-01
9.573753585935385058e-02
1.272874474620017682e-01
2.943711011670891581e-02
5.589475252616318141e-02
-9.324174266882154574e-03
8.349648819852124870e-03
-1.571010358141917973e-02
-3.558304497073620787e-02
-2.627314615632107830e-02
-4.885247870482943566e-02
-2.563941873358551587e-02
-2.040601012394931829e-02
-6.281534811360533523e-03
-4.736238622053967617e-04
2.335558331104679863e-03
-3.389266285174454517e-03
-9.660049351874505641e-03
-1.916753775849114327e-03
-5.182704344856329040e-03
-6.502285850774010278e-03
1.247852615574638821e-03
-1.506238618692959733e-03
1.341149940776773138e-03
9.153132532740823266e-03
1.253591680113391900e-03
1.094314883362823305e-03
4.659901018413490498e-04
-1.396141313790180520e-03
9.497846769327324828e-04
5.125331206625699521e-03
2.286404233412128728e-03
6.579014344883389424e-03
1.011781801230428584e-03
2.965174342263292035e-03
1.307469331592420528e-03
1.788511270505083618e-03
6.532251322885556874e-05
